SIZES
  narena                13631488
  nbuffer               82448
  nplugin               0
  maxuse_stack          3804
  maxuse_arena          31168
  maxuse_con            3
  maxuse_efc            12
  solver_nisland        1
  ne                    0
  nf                    0
  nl                    2
  nefc                  10
  nnzJ                  90
  ncon                  2
  nisland               0
  threadpool            0

TIMER
    0:  duration =  0.031      number = 1
    1:  duration =  0.03       number = 4
    2:  duration =  0          number = 0
    3:  duration =  0.019      number = 4
    4:  duration =  0.0018     number = 4
    5:  duration =  0.00076    number = 4
    6:  duration =  0.006      number = 4
    7:  duration =  0          number = 0
    8:  duration =  0.0031     number = 4
    9:  duration =  0.0014     number = 4
    10:  duration =  0.01       number = 4
    11:  duration =  0.0034     number = 4
    12:  duration =  9.2e-05    number = 4
    13:  duration =  0.0041     number = 4
    14:  duration =  0.0028     number = 4

SOLVER STAT
  solver_nisland = 1
  solver_fwdinv =   0         0       
  ISLAND 0
    solver_niter = 1
    solver_nnz = 81
      0:  improvement =  5.8         gradient =  5.7e-15     lineslope =  0       
          nactive = 10   nchange = 0   neval = 2   nupdate = 0

ENERGY =   0         0       

TIME =  13      

QPOS
   2e+02   
   3.5e+02 
   2.9e+03 
  -0.83    
   0.065   
  -0.037   
   0.55    
  -0.89    
   1       
  -0.028   

QVEL
   1.1e+02 
   1.9e+02 
   1.5e+03 
  -5.3     
  -2.4     
   66      
  -0.18    
  -0.00012 
  -0.0077  

QACC_WARMSTART
  -88      
   1.4e+02 
   3.7e+02 
  -0.69    
   1.3     
   7.5     
   1.8     
   0.13    
   0.0059  

CTRL
   0       
   0       
   0       

QFRC_APPLIED
   0       
   0       
   0       
   0       
   0       
   0       
   0       
   0       
   0       

XFRC_APPLIED
   0         0         0         0         0         0       
   1.6e+02   75        1.2e+03   0.16      0.079     1.3     
   0         0         0         0         0         0       
   0         0         0         0         0         0       
   0         0         0         0         0         0       
   0         0         0         0         0         0       
   0         0         0         0         0         0       

QACC
  -88      
   1.4e+02 
   3.7e+02 
  -0.69    
   1.3     
   7.5     
   1.8     
   0.13    
   0.0059  

SENSOR
  -1.6e+02 
  -80      
   3.7e+02 
  -5.3     
  -2.4     
   66      
  -0.65    
  -0.38    
   0.55    
  -0.37    
  -0.89    
   1       
  -0.028   
  -0.18    
  -0.00014 
  -0.0077  
   0       

XPOS
   0         0         0       
   2e+02     3.5e+02   2.9e+03 
   2e+02     3.5e+02   2.9e+03 
   2e+02     3.5e+02   2.9e+03 
   2e+02     3.5e+02   2.9e+03 
   2e+02     3.5e+02   2.9e+03 
   2e+02     3.5e+02   2.9e+03 

XQUAT
   1         0         0         0       
  -0.83      0.065    -0.037     0.55    
  -0.72      0.42     -0.27      0.48    
  -0.5       0.14     -0.58      0.62    
  -0.5       0.14     -0.58      0.62    
  -0.5       0.14     -0.58      0.62    
  -0.5       0.14     -0.58      0.62    

XMAT
   1         0         0         0         1         0         0         0         1       
   0.39      0.91      0.13     -0.92      0.38      0.066     0.0092   -0.15      0.99    
   0.39      0.47      0.79     -0.92      0.19      0.34      0.0092   -0.86      0.5     
  -0.46      0.47      0.76     -0.78      0.19     -0.59     -0.42     -0.86      0.28    
  -0.46      0.47      0.76     -0.78      0.19     -0.59     -0.42     -0.86      0.28    
  -0.46      0.47      0.76     -0.78      0.19     -0.59     -0.42     -0.86      0.28    
  -0.46      0.47      0.76     -0.78      0.19     -0.59     -0.42     -0.86      0.28    

XIPOS
   0         0         0       
   2e+02     3.5e+02   2.9e+03 
   2e+02     3.5e+02   2.9e+03 
   2e+02     3.5e+02   2.9e+03 
   2e+02     3.5e+02   2.9e+03 
   2e+02     3.5e+02   2.9e+03 
   2e+02     3.5e+02   2.9e+03 

XIMAT
   1         0         0         0         1         0         0         0         1       
   0.13     -0.92     -0.36      0.066     0.37     -0.93      0.99      0.1       0.11    
   0.39      0.47      0.79     -0.92      0.19      0.34      0.0092   -0.86      0.5     
  -0.46      0.47      0.76     -0.78      0.19     -0.59     -0.42     -0.86      0.28    
  -0.46      0.47      0.76     -0.78      0.19     -0.59     -0.42     -0.86      0.28    
  -0.46      0.47      0.76     -0.78      0.19     -0.59     -0.42     -0.86      0.28    
  -0.46      0.47      0.76     -0.78      0.19     -0.59     -0.42     -0.86      0.28    

XANCHOR
   2e+02     3.5e+02   2.9e+03 
   2e+02     3.5e+02   2.9e+03 
   2e+02     3.5e+02   2.9e+03 
   2e+02     3.5e+02   2.9e+03 

XAXIS
   0         0         1       
   0.39     -0.92      0.0092  
   0.47      0.19     -0.86    
   0.76     -0.59      0.28    

GEOM_XPOS
   0         0         0       
   2e+02     3.5e+02   2.9e+03 
   2e+02     3.5e+02   2.9e+03 
   2e+02     3.5e+02   2.9e+03 
   2e+02     3.5e+02   2.9e+03 
   2e+02     3.5e+02   2.9e+03 
   2e+02     3.5e+02   2.9e+03 
   2e+02     3.5e+02   2.9e+03 
   2e+02     3.5e+02   2.9e+03 
   2e+02     3.5e+02   2.9e+03 
   2e+02     3.5e+02   2.9e+03 
   2e+02     3.5e+02   2.9e+03 
   2e+02     3.5e+02   2.9e+03 
   2e+02     3.5e+02   2.9e+03 
   2e+02     3.5e+02   2.9e+03 
   2e+02     3.5e+02   2.9e+03 

GEOM_XMAT
   1         0         0         0         1         0         0         0         1       
   0.13     -0.99     -0.099     0.066     0.11     -0.99      0.99      0.13      0.08    
   0.39      0.91      0.13     -0.92      0.38      0.066     0.0092   -0.15      0.99    
   0.39      0.13     -0.91     -0.92      0.067    -0.38      0.0098    0.99      0.15    
   0.61      0.79      0.12     -0.0067   -0.14      0.99      0.79     -0.6      -0.082   
  -0.41      0.45      0.79     -0.45      0.65     -0.61     -0.79     -0.61     -0.067   
   0.39      0.91      0.13     -0.92      0.38      0.066     0.0092   -0.15      0.99    
   0.39      0.91      0.13     -0.92      0.38      0.066     0.0092   -0.15      0.99    
   0.39      0.91      0.13     -0.92      0.38      0.066     0.0092   -0.15      0.99    
   0.39      0.47      0.79     -0.92      0.19      0.34      0.0092   -0.86      0.5     
  -0.46      0.47      0.76     -0.78      0.19     -0.59     -0.42     -0.86      0.28    
  -0.46      0.47      0.76     -0.78      0.19     -0.59     -0.42     -0.86      0.28    
  -0.46      0.47      0.76     -0.78      0.19     -0.59     -0.42     -0.86      0.28    
  -0.46      0.47      0.76     -0.78      0.19     -0.59     -0.42     -0.86      0.28    
   0.76      0.45     -0.48     -0.59      0.78     -0.21      0.28      0.44      0.85    
  -0.46      0.47      0.76     -0.78      0.19     -0.59     -0.42     -0.86      0.28    

SITE_XPOS
   2e+02     3.5e+02   2.9e+03 
   2e+02     3.5e+02   2.9e+03 
   2e+02     3.5e+02   2.9e+03 
   2e+02     3.5e+02   2.9e+03 
   2e+02     3.5e+02   2.9e+03 

SITE_XMAT
   0.39      0.91      0.13     -0.92      0.38      0.066     0.0092   -0.15      0.99    
   0.39      0.91      0.13     -0.92      0.38      0.066     0.0092   -0.15      0.99    
   0.39      0.91      0.13     -0.92      0.38      0.066     0.0092   -0.15      0.99    
   0.39      0.91      0.13     -0.92      0.38      0.066     0.0092   -0.15      0.99    
  -0.46      0.47      0.76     -0.78      0.19     -0.59     -0.42     -0.86      0.28    

SUBTREE_COM
   2e+02     3.5e+02   2.9e+03 
   2e+02     3.5e+02   2.9e+03 
   2e+02     3.5e+02   2.9e+03 
   2e+02     3.5e+02   2.9e+03 
   2e+02     3.5e+02   2.9e+03 
   2e+02     3.5e+02   2.9e+03 
   2e+02     3.5e+02   2.9e+03 

CDOF
   0         0         0         1         0         0       
   0         0         0         0         1         0       
   0         0         0         0         0         1       
   0.39     -0.92      0.0092    0.034     0.014    -0.023   
   0.91      0.38     -0.15     -0.011     0.039     0.033   
   0.13      0.066     0.99     -0.024    -0.028     0.0052  
   0.39     -0.92      0.0092   -0.0037   -0.0017   -0.016   
   0.47      0.19     -0.86      0.022     0.023     0.017   
   0         0         0         0.76     -0.59      0.28    

CINERT
   0         0         0         0         0         0         0         0         0         0       
   0.026     0.026     0.049     0.002     0.0019    0.0023    0.077    -0.058     0.036     2.5     
   4.7e-05   5.8e-05   9.4e-05   4.2e-05   6.4e-06  -5.6e-06   0.0017   -0.0015   -0.00023   0.06    
   4.7e-05   5.8e-05   9.4e-05   4.2e-05   6.4e-06  -5.6e-06   0.0017   -0.0015   -0.00023   0.06    
   4.7e-05   5.8e-05   9.4e-05   4.2e-05   6.4e-06  -5.6e-06   0.0017   -0.0015   -0.00023   0.06    
   0.016     0.024     0.033     0.016    -0.0086    0.0067   -0.078     0.06     -0.034     0.38    
   0.001     0.0015    0.0021    0.001    -0.00053   0.00041  -0.0033    0.0026   -0.0013    0.0084  

ACTUATOR_LENGTH
  -0.89    
   1       
  -0.028   

ACTUATOR_MOMENT
   0         0         0         0         0         0         1         0         0       
   0         0         0         0         0         0         0         1         0       
   0         0         0         0         0         0         0         0         1       

CRB
   0         0         0         0         0         0         0         0         0         0       
   0.043     0.052     0.084     0.019    -0.0073    0.0094   -1.5e-14   9e-14    -6.1e-13   3.1     
   0.017     0.026     0.035     0.017    -0.0092    0.0071   -0.077     0.058    -0.036     0.57    
   0.017     0.026     0.035     0.017    -0.0092    0.0071   -0.078     0.06     -0.036     0.51    
   0.017     0.026     0.035     0.017    -0.0092    0.0071   -0.08      0.061    -0.036     0.45    
   0.017     0.026     0.035     0.017    -0.0092    0.0071   -0.082     0.063    -0.036     0.39    
   0.001     0.0015    0.0021    0.001    -0.00053   0.00041  -0.0033    0.0026   -0.0013    0.0084  

QM
   3.1       0         0         0.11     -0.034    -0.075     0.031     0.056     0.29    
   0         3.1       0         0.044     0.12     -0.087     0.012     0.096    -0.23    
   0         0         3.1      -0.069     0.1       0.016    -0.057     0.051     0.11    
   0.11      0.044    -0.069     0.043    -0.016    -0.018     0.015     0.0033    0.0067  
  -0.034     0.12      0.1      -0.016     0.068    -0.0088   -0.016     0.032    -0.013   
  -0.075    -0.087     0.016    -0.018    -0.0088    0.087    -0.013    -0.036     1.5e-14 
   0.031     0.012    -0.057     0.015    -0.016    -0.013     0.024    -1.4e-14  -2.8e-14 
   0.056     0.096     0.051     0.0033    0.032    -0.036    -1.4e-14   0.057     2.6e-14 
   0.29     -0.23      0.11      0.0067   -0.013     1.5e-14  -2.8e-14   2.6e-14   0.4     

QLD
   2.6       0.004     0.016     2.2      -0.89     -0.38      1.3       0.99      0.74    
   0.004     2.6      -0.0044    1.5       1.8      -0.33      0.53      1.7      -0.58    
   0.016    -0.0044    2.8      -0.93      0.96      0.3      -2.4       0.9       0.27    
   2.2       1.5      -0.93      0.03     -0.19     -0.12      0.65      0.059     0.017   
  -0.89      1.8       0.96     -0.19      0.037     0.044    -0.7       0.56     -0.034   
  -0.38     -0.33      0.3      -0.12      0.044     0.057    -0.56     -0.64      3.7e-14 
   1.3       0.53     -2.4       0.65     -0.7      -0.56      0.024    -2.5e-13  -7e-14   
   0.99      1.7       0.9       0.059     0.56     -0.64     -2.5e-13   0.057     6.6e-14 
   0.74     -0.58      0.27      0.017    -0.034     3.7e-14  -7e-14     6.6e-14   0.4     

QLDIAGINV
   0.39    
   0.39    
   0.36    
   33      
   27      
   18      
   42      
   18      
   2.5     

QLDIAGSQRTINV
   0.62    
   0.62    
   0.6     
   5.7     
   5.2     
   4.2     
   6.5     
   4.2     
   1.6     

B_rownnz              9 9 9 9 9 9 9

B_rowadr              0 9 18 27 36 45 54

B_colind              0 1 2 3 4 5 6 7 8 0 1 2 3 4 5 6 7 8 0 1 2 3 4 5 6 7 8 0 1 2 3 4 5 6 7 8 0 1 2 3 4 5 6 7 8 0 1 2 3 4 5 6 7 8 0 1 2 3 4 5 6 7 8

C_rownnz              9 9 9 9 9 9 9 9 9

C_rowadr              0 9 18 27 36 45 54 63 72

C_colind              0 1 2 3 4 5 6 7 8 0 1 2 3 4 5 6 7 8 0 1 2 3 4 5 6 7 8 0 1 2 3 4 5 6 7 8 0 1 2 3 4 5 6 7 8 0 1 2 3 4 5 6 7 8 0 1 2 3 4 5 6 7 8 0 1 2 3 4 5 6 7 8 0 1 2 3 4 5 6 7 8

mapM2C                0 2 5 9 14 20 27 35 44 2 1 4 8 13 19 26 34 43 5 4 3 7 12 18 25 33 42 9 8 7 6 11 17 24 32 41 14 13 12 11 10 16 23 31 40 20 19 18 17 16 15 22 30 39 27 26 25 24 23 22 21 29 38 35 34 33 32 31 30 29 28 37 44 43 42 41 40 39 38 37 36

D_rownnz              9 9 9 9 9 9 9 9 9

D_rowadr              0 9 18 27 36 45 54 63 72

D_colind              0 1 2 3 4 5 6 7 8 0 1 2 3 4 5 6 7 8 0 1 2 3 4 5 6 7 8 0 1 2 3 4 5 6 7 8 0 1 2 3 4 5 6 7 8 0 1 2 3 4 5 6 7 8 0 1 2 3 4 5 6 7 8 0 1 2 3 4 5 6 7 8 0 1 2 3 4 5 6 7 8

mapM2D                0 2 5 9 14 20 27 35 44 2 1 4 8 13 19 26 34 43 5 4 3 7 12 18 25 33 42 9 8 7 6 11 17 24 32 41 14 13 12 11 10 16 23 31 40 20 19 18 17 16 15 22 30 39 27 26 25 24 23 22 21 29 38 35 34 33 32 31 30 29 28 37 44 43 42 41 40 39 38 37 36

mapD2M                0 10 9 20 19 18 30 29 28 27 40 39 38 37 36 50 49 48 47 46 45 60 59 58 57 56 55 54 70 69 68 67 66 65 64 63 80 79 78 77 76 75 74 73 72

QDERIV
   0         0         0         0         0         0         0         0         0       
   0         0         0         0         0         0         0         0         0       
   0         0         0         0         0         0         0         0         0       
   0         0         0         0         0         0         0         0         0       
   0         0         0         0         0         0         0         0         0       
   0         0         0         0         0         0         0         0         0       
   0         0         0         0         0         0         0         0         0       
   0         0         0         0         0         0         0         0         0       
   0         0         0         0         0         0         0         0         0       

QLU
   0         0         0         0         0         0         0         0         0       
   0         0         0         0         0         0         0         0         0       
   0         0         0         0         0         0         0         0         0       
   0         0         0         0         0         0         0         0         0       
   0         0         0         0         0         0         0         0         0       
   0         0         0         0         0         0         0         0         0       
   0         0         0         0         0         0         0         0         0       
   0         0         0         0         0         0         0         0         0       
   0         0         0         0         0         0         0         0         0       

CONTACT
  0:
     dim           3
     geoms         pitch_geom : base_collision
     exclude       0
     efc_address   2
     solref         0.02      1       
     solimp         0.9       0.95      0.001     0.5       2       
     dist          -0.023   
     includemargin  0       
     pos            2e+02     3.5e+02   2.9e+03 
     frame          0.13      0.066     0.99     -0.0089    1        -0.066    -0.99      0         0.13    
     friction       1         1         0.005     0.0001    0.0001  
     mu             1       
  1:
     dim           3
     geoms         pitch_leg_geom : base_collision
     exclude       0
     efc_address   6
     solref         0.02      1       
     solimp         0.9       0.95      0.001     0.5       2       
     dist          -0.023   
     includemargin  0       
     pos            2e+02     3.5e+02   2.9e+03 
     frame          0.13      0.066     0.99     -0.0089    1        -0.066    -0.99      0         0.13    
     friction       1         1         0.005     0.0001    0.0001  
     mu             1       

EFC_TYPE
  3
  3
  6
  6
  6
  6
  6
  6
  6
  6

EFC_ID
  2
  3
  0
  0
  0
  0
  1
  1
  1
  1

EFC_J
   0         0         0         0         0         0         0        -1         0       
   0         0         0         0         0         0         0         0         1       
   0         0         0         0         0         0         0.0013    0.0019    0       
   0         0         0         0         0         0        -0.0013   -0.0019    0       
   0         0         0         0         0         0        -0.003     0.00079   0       
   0         0         0         0         0         0         0.003    -0.00079   0       
   0         0         0         0         0         0         0.0013    0.0019    0       
   0         0         0         0         0         0        -0.0013   -0.0019    0       
   0         0         0         0         0         0        -0.003     0.00079   0       
   0         0         0         0         0         0         0.003    -0.00079   0       

EFC_POS
  -0.00098 
  -0.028   
  -0.023   
  -0.023   
  -0.023   
  -0.023   
  -0.023   
  -0.023   
  -0.023   
  -0.023   

EFC_MARGIN
   0       
   0       
   0       
   0       
   0       
   0       
   0       
   0       
   0       
   0       

EFC_FRICTIONLOSS
   0       
   0       
   0       
   0       
   0       
   0       
   0       
   0       
   0       
   0       

EFC_DIAGAPPROX
   43      
   2.9     
   2.9     
   2.9     
   2.9     
   2.9     
   2.9     
   2.9     
   2.9     
   2.9     

EFC_KBIP
   2.8e+03   1.1e+02   0.95     -5       
   2.8e+03   1.1e+02   0.95      0       
   2.8e+03   1.1e+02   0.95      0       
   2.8e+03   1.1e+02   0.95      0       
   2.8e+03   1.1e+02   0.95      0       
   2.8e+03   1.1e+02   0.95      0       
   2.8e+03   1.1e+02   0.95      0       
   2.8e+03   1.1e+02   0.95      0       
   2.8e+03   1.1e+02   0.95      0       
   2.8e+03   1.1e+02   0.95      0       

EFC_D
   0.44    
   6.6     
   6.6     
   6.6     
   6.6     
   6.6     
   6.6     
   6.6     
   6.6     
   6.6     

EFC_R
   2.3     
   0.15    
   0.15    
   0.15    
   0.15    
   0.15    
   0.15    
   0.15    
   0.15    
   0.15    

ACTUATOR_VELOCITY
  -0.18    
  -0.00012 
  -0.0077  

CVEL
   0         0         0         0         0         0       
   4.6       8.4       66        1e+02     1.9e+02   1.5e+03 
   4.6       8.6       66        1e+02     1.9e+02   1.5e+03 
   4.6       8.6       66        1e+02     1.9e+02   1.5e+03 
   4.6       8.6       66        1e+02     1.9e+02   1.5e+03 
   4.6       8.6       66        1e+02     1.9e+02   1.5e+03 
   4.6       8.6       66        1e+02     1.9e+02   1.5e+03 

CDOF_DOT
   0         0         0         0         0         0       
   0         0         0         0         0         0       
   0         0         0         0         0         0       
   0         0        -0         1.4e+03   5.8e+02  -1.7e+02 
  -0         0         0        -6e+02     1.4e+03  -1.3e+02 
   0         0         0         89        94       -18      
   61        26       -7.5       1.4e+03   5.8e+02  -1.7e+02 
  -20        35       -3.1      -4.4e+02   7.8e+02  -68      
   0         0         0         41        49       -9.2     

QFRC_BIAS
   4.3e+02 
  -3.7e+02 
   47      
   29      
  -58      
   0.66    
   22      
  -29      
   5.2e+02 

QFRC_SPRING
   0       
   0       
   0       
   0       
   0       
   0       
   0       
   0       
   0       

QFRC_DAMPER
   0       
   0       
   0       
   0       
   0       
   0       
   0.089   
   5.9e-05 
   0.00077 

QFRC_GRAVCOMP
   0       
   0       
   0       
   0       
   0       
   0       
   0       
   0       
   0       

QFRC_FLUID
   0       
   0       
   0       
   0       
   0       
   0       
   0       
   0       
   0       

QFRC_PASSIVE
   0       
   0       
   0       
   0       
   0       
   0       
   0.089   
   5.9e-05 
   0.00077 

EFC_VEL
   0.00012 
  -0.0077  
  -0.00022 
   0.00022 
   0.00054 
  -0.00054 
  -0.00022 
   0.00022 
   0.00054 
  -0.00054 

EFC_AREF
   2.6     
   76      
   62      
   62      
   62      
   62      
   62      
   62      
   62      
   62      

SUBTREE_LINVEL
   0         0         0       
   0         0         0       
   0         0         0       
   0         0         0       
   0         0         0       
   0         0         0       
   0         0         0       

SUBTREE_ANGMOM
   0         0         0       
   0         0         0       
   0         0         0       
   0         0         0       
   0         0         0       
   0         0         0       
   0         0         0       

ACTUATOR_FORCE
   0       
   0       
   0       

QFRC_ACTUATOR
   0       
   0       
   0       
   0       
   0       
   0       
   0       
   0       
   0       

QFRC_SMOOTH
  -2.7e+02 
   4.4e+02 
   1.1e+03 
  -29      
   58      
   0.61    
  -22      
   29      
  -5.2e+02 

QACC_SMOOTH
   43      
   40      
   4.2e+02 
   75      
  -2.1e+02 
   39      
  -1.6e+02 
   1.5e+02 
  -1.4e+03 

EFC_B
  -1.5e+02 
  -1.5e+03 
  -62      
  -62      
  -61      
  -62      
  -62      
  -62      
  -61      
  -62      

EFC_FORCE
   1.2     
   5e+02   
   4e+02   
   4e+02   
   4e+02   
   4e+02   
   4e+02   
   4e+02   
   4e+02   
   4e+02   

EFC_STATE
  1
  1
  1
  1
  1
  1
  1
  1
  1
  1

QFRC_CONSTRAINT
   0       
   0       
   0       
   0       
   0       
   0       
   0.0048  
  -1.2     
   5e+02   

QFRC_INVERSE
   0       
   0       
   0       
   0       
   0       
   0       
   0       
   0       
   0       

CACC
   0         0         0        -0        -0         9.8     
   0.45      3         9.7      -84        82        3.9e+02 
  -11       -0.2       11       -3.3e+02  -3.8       4.2e+02 
  -11       -0.22      11       -3.3e+02  -3.9       4.2e+02 
  -11       -0.22      11       -3.3e+02  -3.9       4.2e+02 
  -11       -0.22      11       -3.3e+02  -4.2       4.2e+02 
  -11       -0.22      11       -3.3e+02  -4.2       4.2e+02 

CFRC_INT
   1.4e-14   0         3.6e-15  -2.3e-13  -1.3e-13   4.5e-13 
   1.4e-14   0         3.6e-15  -2.3e-13  -1.3e-13   4.5e-13 
  -93       -94        19        7.6e+02  -86        3.4e+03 
  -92       -93        19        7.6e+02  -94        3.4e+03 
  -49       -50        10        5.6e+02  -2e+02     1.8e+03 
  -6.1      -5.9       1.9       3.5e+02  -3.1e+02   1.7e+02 
  -0.82     -0.82      0.2       14       -13        4       

CFRC_EXT
   0         0         0         0         0         0       
  -1.2e+02  -1.2e+02   24        5.8e+02   2.8e+02   4.4e+03 
   0         0         0         0         0         0       
   42        43       -8.3      -2.1e+02  -1e+02    -1.6e+03 
   42        43       -8.3      -2.1e+02  -1e+02    -1.6e+03 
   0         0         0         0         0         0       
   0         0         0         0         0         0       

